Accuracy: 0.1400266154073636, precision: 0.16649078085479171, recall: 0.1400266154073636
Confusion matrix:
[[  79  665  123  222 1818]
 [ 107  291 1336  492   10]
 [ 274    1  259    0  194]
 [   0    0    0    3   14]
 [  88  399    0   73  315]]

225 838 279


Accuracy: 0.12627532160283897, precision: 0.22713123036017888, recall: 0.12627532160283897
Confusion matrix: [[ 111  105 2317  147  227]
 [ 274   79 1673  151   59]
 [  27   30  629   22   20]
 [   0    1   10    4    2]
 [  83   31  699   31   31]]